$ 1 4.4642857142857145e-8 12.050203812241895 66 5 50 5e-11
O 432 240 544 240 0 0
g 288 384 288 416 0 0
x 225 171 347 174 4 24 Полосовой
c 128 240 288 240 4 1e-8 -1.5672649423352756 0.001 0
r 288 240 288 384 0 1768
r 288 240 432 240 0 1591
c 432 240 432 384 4 1e-8 0.04575961687643474 0.001 0
b 336 208 483 433 0
b 327 208 198 436 0
x 207 345 256 348 4 24 ФВЧ
x 347 344 398 347 4 24 ФНЧ
170 128 240 64 240 2 6000 13000 5 0.01
g 432 384 432 416 0 0
p 432 240 576 352 3 1 0 10000000
w 432 384 576 352 0
