$ 1 0.000005 10.20027730826997 25 5 50 5e-11
v 48 240 48 160 0 0 40 1 0 0 0.5
r 48 352 48 240 0 1
r 112 352 192 352 0 2
i 192 352 192 160 0 1
w 48 160 128 160 0
r 192 160 288 160 0 3
v 416 160 288 160 0 0 40 3 0 0 0.5
v 240 352 320 352 0 0 40 4 0 0 0.5
r 320 352 416 352 0 4
w 48 352 48 400 0
w 48 352 16 352 0
w 16 528 16 352 0
w 16 528 160 528 0
i 160 528 288 528 0 6
w 288 528 448 528 0
w 448 352 448 528 0
w 448 352 416 352 0
x 14 193 30 196 4 24 E
x 29 198 37 201 4 16 1
x 16 217 35 220 4 16 1V
x 18 291 35 294 4 24 R
x 33 295 41 298 4 16 1
x 128 340 145 343 4 24 R
x 198 239 210 242 4 24 J
x 209 242 217 245 4 16 1
x 251 147 268 150 4 24 R
x 358 143 374 146 4 24 E
x 374 143 382 146 4 16 3
x 265 334 281 337 4 24 E
x 281 338 289 341 4 16 4
x 353 330 370 333 4 24 R
x 369 331 377 334 4 16 4
x 316 410 333 413 4 24 R
x 333 412 341 415 4 16 5
x 136 465 152 468 4 24 E
x 238 518 250 521 4 24 J
x 250 521 258 524 4 16 6
x 215 560 234 563 4 16 6A
x 133 418 161 421 4 16 25V
x 253 383 272 386 4 16 4V
x 345 190 364 193 4 16 3V
x 159 263 178 266 4 16 1A
r 240 432 416 432 0 5
w 416 416 416 432 0
w 48 400 48 432 0
v 48 432 240 432 0 0 40 25 0 0 0.5
x 151 467 159 470 4 16 5
x 268 151 276 154 4 16 3
w 416 240 416 352 0
370 416 240 416 160 3 0 0
370 192 160 128 160 3 0 0
370 416 416 416 352 3 0 0
370 240 352 192 352 3 0 0
370 112 352 48 352 3 0 0
