$ 1 0.000005 21.593987231061412 36 5 50 5e-11
w 560 80 640 80 0
w 560 32 640 32 0
p 560 32 560 80 3 0 1 10000000
w 736 144 656 144 0
w 736 32 736 144 0
w 736 32 640 32 0
v 624 192 736 192 0 0 40 9 0 0 0.5
w 560 144 560 192 0
w 736 160 736 192 0
r 560 144 624 144 0 50
162 560 192 624 192 2 default-led 1 0 0 0.01
209 640 32 640 80 4 0.0000047 0.0009964480127990461 0.001 0.1 1
t 640 80 640 144 2 1 -0.000996448002834084 -0.0009863845006442557 100 default
v 800 176 800 112 0 0 40 5 0 0 0.5
s 800 112 864 112 0 1 false
r 864 112 928 112 0 1000
209 928 112 976 112 4 0.00001 0.008145043473475 0.001 0 1
w 976 112 976 176 0
w 976 176 800 176 0
w 864 112 864 80 0
w 976 112 976 80 0
s 864 80 976 80 0 0 false
x 779 134 795 137 4 24 E
x 813 99 829 102 4 16 k1
x 877 69 893 72 4 16 k2
x 881 139 898 142 4 24 R
x 896 143 937 146 4 16 огран
x 947 143 964 146 4 24 C
403 784 192 1024 256 0 16_64_0_4099_5_0.00625_-1_2_16_3
o 16 64 0 12291 4.999832413727737 0.0049985828099217144 0 2 16 3
