$ 1 0.000005 69.34413510434165 45 5 50 5e-11
v 48 144 128 144 0 0 40 9 0 0 0.5
r 128 144 208 144 0 1000
r 208 144 288 144 0 500
r 288 144 368 144 0 500
w 368 144 368 192 0
w 368 192 160 192 0
g 64 192 32 192 0 0
g 48 144 32 144 0 0
x 157 171 187 174 4 24 R1
x 230 171 260 174 4 24 R2
x 309 171 339 174 4 24 R3
370 160 192 64 192 3 0 0
x 76 116 105 119 4 24 9V
p 288 96 368 96 3 0 0 10000000
w 368 96 368 144 0
w 144 96 128 96 0
w 128 96 128 144 0
w 288 96 288 144 0
p 208 96 288 96 3 0 0 10000000
p 144 96 208 96 3 0 0 10000000
w 208 96 208 144 0
