$ 1 0.000005 89.03963197220334 70 5 50 5e-11
w 608 384 720 384 0
w 720 288 784 288 0
w 720 384 784 384 0
p 784 288 784 384 3 0 0 10000000
g 720 384 720 400 0 0
v 608 384 608 288 0 1 40 10 0 0 0.5
g 704 624 704 640 0 0
p 768 528 768 624 3 0 0 10000000
w 704 624 768 624 0
w 704 528 768 528 0
w 592 624 704 624 0
209 704 528 704 624 4 1e-9 1.7030687123551588e-12 0.001 0 1
209 592 528 704 528 4 2e-9 4.9999999999982965 0.001 0.1 1
v 592 624 592 528 0 0 40 5 0 0 0.5
c 720 384 720 288 4 0.00001 3.044310164223452 0.001 0.1
c 720 288 608 288 4 0.00001 3.0439677506277296 0.001 0
