$ 1 0.000005 75.37042125545614 59 5 50 5e-11
R 304 336 304 304 0 6 40 5 0 0 0.5
170 224 336 224 304 2 40 50 5 0.1
R 464 336 464 304 0 1 40 5 0 0 0.5
O 528 432 576 432 0 0
s 464 368 464 432 0 1 false
s 384 368 384 432 0 1 false
R 384 336 384 304 0 2 40 5 0 0 0.5
r 464 432 528 432 0 1000
r 384 448 528 448 0 1000
d 384 336 384 368 2 default
d 464 336 464 368 2 default
r 304 464 528 464 0 1000
d 304 336 304 368 2 default
r 224 480 528 480 0 1000
s 224 368 224 432 0 1 false
d 224 336 224 368 2 default
s 304 368 304 432 0 1 false
s 176 368 176 432 0 1 false
d 176 336 176 368 2 default
r 176 496 528 496 0 1000
R 176 336 176 304 0 3 40 5 0 0 0.5
s 96 368 96 432 0 0 false
d 96 336 96 368 2 default
r 96 512 528 512 0 1000
R 96 336 96 304 0 4 40 5 0 0 0.5
s 16 368 16 432 0 1 false
d 16 336 16 368 2 default
r 16 528 528 528 0 1000
R 16 336 16 304 4 5 40 5 0 0 0.159154943092
w 384 432 384 448 0
w 528 432 528 448 0
w 304 432 304 464 0
w 528 448 528 464 0
w 224 432 224 480 0
w 528 464 528 480 0
w 176 432 176 496 0
w 528 480 528 496 0
w 96 432 96 512 0
w 528 496 528 512 0
w 16 432 16 528 0
w 528 512 528 528 0
o 3 64 0 4098 10 0.1 0 1
