$ 1 0.000005 10.20027730826997 50 5 50 5e-11
v 48 240 48 160 0 0 40 1 0 0 0.5
r 48 352 48 240 0 1
r 48 352 192 352 0 2
i 192 352 192 160 0 1
w 48 160 192 160 0
r 192 160 288 160 0 1.5
v 416 160 288 160 0 0 40 3 0 0 0.5
v 192 352 320 352 0 0 40 4 0 0 0.5
r 320 352 416 352 0 4
w 416 160 416 240 0
w 416 352 416 400 0
w 48 352 48 400 0
w 48 352 16 352 0
w 16 528 16 352 0
w 16 528 160 528 0
i 160 528 288 528 0 6
w 288 528 448 528 0
w 448 352 448 528 0
w 448 352 416 352 0
x 14 193 30 196 4 24 E
x 29 198 37 201 4 16 1
x 16 217 35 220 4 16 1V
x 18 291 35 294 4 24 R
x 33 295 41 298 4 16 1
x 128 340 145 343 4 24 R
x 146 341 154 344 4 16 2
x 198 239 210 242 4 24 J
x 209 242 217 245 4 16 1
x 251 147 272 150 4 24 R'
i 48 432 240 432 0 5
x 358 143 374 146 4 24 E
x 374 143 382 146 4 16 3
r 416 240 416 352 0 1.5
x 427 282 453 285 4 24 R''
x 446 288 454 291 4 16 3
x 271 149 279 152 4 16 3
x 265 334 281 337 4 24 E
x 281 338 289 341 4 16 4
x 353 330 370 333 4 24 R
x 369 331 377 334 4 16 4
x 188 378 205 381 4 24 R
x 205 380 213 383 4 16 5
x 136 465 148 468 4 24 J
x 148 468 156 471 4 16 5
x 238 518 250 521 4 24 J
x 250 521 258 524 4 16 6
x 215 512 234 515 4 16 6A
x 133 418 152 421 4 16 5A
x 253 383 272 386 4 16 4V
x 345 190 364 193 4 16 3V
x 159 263 178 266 4 16 1A
r 48 400 352 400 0 5
w 352 400 416 400 0
w 416 400 416 432 0
w 48 400 48 432 0
w 416 432 240 432 0
