$ 1 0.000005 10.20027730826997 37 5 43 5e-11
x 233 1269 240 1272 4 24 r
x 41 1271 48 1274 4 24 r
r 224 1312 224 1248 0 1
r 32 1312 32 1248 0 1
x 230 1232 249 1235 4 16 9V
x 227 1194 243 1197 4 24 E
x 376 1238 393 1241 4 24 R
x 306 1302 323 1305 4 24 U
x 310 1221 316 1224 4 24 I
w 304 1168 304 1216 0
w 304 1296 304 1344 0
w 224 1344 304 1344 0
w 288 1312 288 1296 0
w 288 1312 368 1344 0
w 288 1168 288 1216 0
w 304 1168 368 1168 0
r 368 1168 368 1344 0 45
w 224 1168 288 1168 0
v 224 1248 224 1168 0 0 40 9 0 0 0.5
420 288 1216 288 1296 0 16
w 224 1312 224 1344 0
w 32 1312 32 1344 0
420 96 1216 96 1296 0 16
v 32 1248 32 1168 0 0 40 9 0 0 0.5
w 32 1168 96 1168 0
r 176 1168 176 1344 0 25
w 112 1168 176 1168 0
w 96 1168 96 1216 0
w 96 1312 176 1344 0
w 96 1312 96 1296 0
w 32 1344 112 1344 0
w 112 1296 112 1344 0
w 112 1168 112 1216 0
x 118 1221 124 1224 4 24 I
x 115 1302 132 1305 4 24 U
x 184 1238 201 1241 4 24 R
x 35 1194 51 1197 4 24 E
x 38 1232 57 1235 4 16 9V
