$ 1 0.000005 0.008208499862389881 5 5 50 5e-11
v 160 720 160 608 0 0 40 9 0 0 0.5
209 304 608 304 672 4 0.000002 0.0010069149369260127 0.001 0.1 1
209 400 608 400 672 4 0.0003 0.001000574471683084 0.001 0.1 1
209 496 608 496 672 4 0.006 0.0010074681318800937 0.001 0 1
w 304 608 400 608 0
w 400 608 496 608 0
w 496 720 400 720 0
w 400 720 304 720 0
r 304 608 240 608 0 500
S 240 608 192 608 0 1 false 0 2
w 192 624 192 720 0
w 192 720 304 720 0
w 192 592 160 592 0
w 160 592 160 608 0
w 160 720 192 720 0
370 304 672 304 720 3 0 3
370 400 672 400 720 3 0 2
370 496 672 496 720 3 0 2
x 266 649 283 652 4 24 C
x 282 652 290 655 4 16 1
x 363 649 380 652 4 24 C
x 378 651 386 654 4 16 2
x 455 647 472 650 4 24 C
x 472 649 480 652 4 16 3
