$ 1 1.0416666666666667e-7 18.278915558614752 60 5 50 5e-11
t 464 368 464 304 2 1 -5.524964745230285 0.6357595690198616 100 default
c 352 304 400 304 4 0.0000010000000000000002 -1.951812235756543 0.001 0
R 352 304 272 304 0 1 300000 0.01 0 0 0.5
x 305 294 334 297 4 14 вход
r 400 304 400 448 0 390
w 400 304 448 304 0
c 464 368 464 448 4 1e-8 2.5958864959647463 0.001 0
w 464 448 400 448 0
g 464 448 464 464 0 0
r 528 448 528 368 0 1330
w 528 368 464 368 0
w 528 448 464 448 0
r 528 304 528 224 0 4700
r 480 304 480 224 0 820
w 480 224 528 224 0
R 528 224 592 224 0 0 40 12 0 0 0.5
w 528 304 528 368 0
c 480 304 640 304 4 0.000001 0.0009999997417136086 0.001 0
O 640 304 704 304 0 0
x 361 328 382 331 4 12 Cвх
x 537 257 552 260 4 12 R1
x 538 402 553 405 4 12 R2
x 491 255 508 258 4 12 RC
x 411 367 427 370 4 12 RE
x 481 401 496 404 4 12 Cв
t 784 320 832 320 2 1 0 0 100 default
r 832 208 832 288 0 800
x 843 243 860 246 4 12 RC
r 832 416 832 336 0 400
x 843 368 859 371 4 12 RE
w 832 288 832 304 0
O 832 288 912 288 0 0
o 2 1 0 4099 0.01 0.005270201604218204 0 2 2 3
o 18 1 0 151818 11.950659847404344 0.0001 1 1
