$ 1 6.25e-7 0.7389056098930651 50 5 50 5e-11
t 448 320 464 320 0 1 -2.7262035334676415 0.6395835959352012 222 default
c 288 320 368 320 4 0.000001 -2.6832474407318836 0.001 0
w 368 320 368 272 0
r 368 272 368 112 0 3100
c 464 240 560 240 4 0.000001 0.000999999999462986 0.001 0
O 560 240 640 240 0 0
r 464 416 464 336 0 400
w 464 336 512 336 0
c 512 336 512 416 4 1e-7 2.052902640121791 0.001 0
w 464 416 512 416 0
r 368 416 368 320 0 900
w 464 416 368 416 0
g 464 416 464 432 0 0
x 378 217 393 220 4 12 R1
x 505 265 520 268 4 12 C4
x 479 319 535 322 4 16 2N2222
x 321 345 336 348 4 12 C3
x 377 357 392 360 4 12 R2
x 474 365 490 368 4 12 RE
x 515 365 531 368 4 12 CE
r 464 112 464 240 0 1200
x 475 198 492 201 4 12 RC
R 464 112 464 80 0 0 40 12 0 0 0.5
w 464 112 368 112 0
w 368 320 448 320 0
w 464 240 464 304 0
R 288 320 240 320 1 1 100000 0.01 0 0 0.5
o 5 2 0 4098 20 0.1 0 1
