$ 1 0.000005 10.20027730826997 35 5 50 5e-11
v 112 288 112 160 0 0 40 9 0 0 0.5
r 112 160 224 160 0 4
r 112 112 224 112 0 4
w 112 112 112 160 0
w 224 112 224 160 0
r 224 160 224 208 0 2
w 224 288 112 288 0
r 224 160 320 160 0 1
v 320 160 320 288 0 0 40 9 0 0 0.5
r 320 288 224 288 0 1
x 177 98 194 101 4 24 R
x 193 100 201 103 4 16 1
x 179 146 196 149 4 24 R
x 194 148 202 151 4 16 2
x 227 156 240 159 4 24 b
x 97 158 110 161 4 24 a
x 281 150 298 153 4 24 R
x 298 152 306 155 4 16 3
x 115 215 131 218 4 24 E
x 130 217 138 220 4 16 1
x 115 249 134 252 4 16 9V
x 324 249 343 252 4 16 9V
x 322 215 338 218 4 24 E
x 337 218 345 221 4 16 2
x 221 309 233 312 4 24 c
x 231 211 248 214 4 24 R
x 247 212 255 215 4 16 4
x 277 276 294 279 4 24 R
x 292 279 300 282 4 16 5
370 224 224 224 288 3 0 0
p 208 176 144 256 3 0 0 10000000
w 144 256 224 288 0
w 224 208 224 224 0
