$ 1 0.000005 0.0129812176855438 50 5 50 5e-11
v 96 496 96 384 0 0 40 10 0 0 0.5
209 240 384 240 496 4 0.000002 9.98425776466113 0.001 0.1 1
209 320 384 320 496 4 0.000003 9.984257478429207 0.001 0.1 1
209 400 384 400 496 4 0.000006 9.98425833709375 0.001 0 1
w 240 384 320 384 0
w 320 384 400 384 0
w 400 496 320 496 0
w 320 496 240 496 0
r 240 384 176 384 0 500
S 176 384 128 384 0 1 false 0 2
w 128 400 128 496 0
w 128 496 240 496 0
w 128 368 96 368 0
w 96 368 96 384 0
w 96 496 128 496 0
w 496 304 496 320 0
w 528 304 496 304 0
w 528 336 528 496 0
S 576 320 528 320 0 1 false 0 2
r 640 320 576 320 0 500
209 640 448 640 496 4 0.000008 2.504984219633398 0.001 0 1
209 640 384 640 448 4 0.000003 3.3382895415572795 0.001 0.1 1
209 640 320 640 384 4 0.000002 4.156703322262444 0.001 0.1 1
v 496 496 496 320 0 0 40 10 0 0 0.5
w 528 496 640 496 0
w 528 496 496 496 0
