$ 1 0.000005 10.20027730826997 39 5 50 5e-11
v 80 336 80 144 0 0 40 1 0 0 0.5
r 80 144 272 144 0 1
r 272 144 448 144 0 4
r 80 48 448 48 0 5
r 272 336 448 336 0 3
v 448 144 448 192 0 0 40 3 0 0 0.5
w 80 48 80 144 0
w 448 48 448 144 0
w 112 336 80 336 0
r 448 192 448 272 0 1
x 253 24 270 27 4 24 R
x 270 25 278 28 4 16 5
x 349 121 366 124 4 24 R
x 366 124 374 127 4 16 4
x 163 121 180 124 4 24 R
x 180 122 188 125 4 16 1
x 85 223 101 226 4 24 E
x 102 226 110 229 4 16 1
x 60 229 79 232 4 16 1V
w 448 272 448 336 0
x 419 226 426 229 4 24 r
x 427 229 435 232 4 16 3
x 453 191 472 194 4 16 3V
x 351 312 368 315 4 24 R
x 368 312 376 315 4 16 3
x 413 168 429 171 4 24 E
x 426 171 434 174 4 16 3
x 63 132 76 135 4 24 1
x 268 135 281 138 4 24 2
x 281 359 294 362 4 24 4
r 272 336 272 432 0 6
i 272 432 80 432 0 1
r 80 336 80 432 0 7
v 448 432 272 432 0 0 40 10 0 0 0.5
w 448 144 512 144 0
r 512 144 512 288 0 8
v 512 432 512 288 0 0 40 9 0 0 0.5
w 512 432 448 432 0
x 60 326 73 329 4 24 5
x 270 454 283 457 4 24 6
x 242 384 259 387 4 24 R
x 256 390 264 393 4 16 6
x 91 372 108 375 4 24 R
x 108 374 116 377 4 16 7
x 522 244 539 247 4 24 R
x 538 247 546 250 4 16 8
x 519 350 543 353 4 24 E´
x 537 353 545 356 4 16 8
x 369 418 400 421 4 24 E´´
x 386 421 394 424 4 16 8
x 164 461 176 464 4 24 J
x 176 463 184 466 4 16 1
x 330 415 358 418 4 16 10V
x 519 386 538 389 4 16 9V
x 452 136 465 139 4 24 3
w 80 144 0 144 0
r 0 144 0 224 0 9
v 0 224 0 336 0 0 40 9 0 0 0.5
w 80 336 0 336 0
x -24 162 -7 165 4 24 R
x -9 164 -1 167 4 16 9
x -23 270 -7 273 4 24 E
x -9 273 -1 276 4 16 9
x -23 305 -4 308 4 16 9V
r 112 336 272 336 0 10
x 167 362 184 365 4 24 R
x 184 364 201 367 4 16 10
