$ 1 0.000005 10.20027730826997 50 5 50 5e-11
w 544 -144 592 -144 0
v 592 -144 592 -368 0 0 40 5 0 0 0.5
w 544 -368 592 -368 0
w 544 -176 544 -144 0
w 336 -144 544 -144 0
w 400 -256 496 -192 0
w 384 -192 480 -256 0
w 544 -256 544 -208 0
t 496 -192 544 -192 2 1 0.5273904598895081 0.6567483239454476 100 default
r 544 -320 544 -256 0 300
w 480 -368 544 -368 0
162 544 -368 544 -320 2 default-led 1 0 0 0.01
209 544 -256 480 -256 4 0.00001 1.2793760562431402 0.001 0 1
w 480 -368 480 -320 0
r 480 -256 480 -320 0 27000
w 400 -368 480 -368 0
w 336 -176 336 -144 0
w 336 -256 336 -208 0
t 384 -192 336 -192 2 1 -4.9744065097382 -1.1500181921872006 100 default
209 336 -256 400 -256 4 0.00001 3.1676399936055515 0.001 0 1
w 400 -368 400 -320 0
r 400 -256 400 -320 0 27000
r 336 -320 336 -256 0 300
w 336 -368 400 -368 0
162 336 -368 336 -320 2 default-led 1 0 0 0.01
