$ 1 0.000005 10.20027730826997 37 5 43 5e-11
x 422 864 441 867 4 16 9V
x 214 864 233 867 4 16 9V
x 6 864 25 867 4 16 9V
x 583 872 591 875 4 16 3
x 428 911 436 914 4 16 3
x 435 827 443 830 4 16 3
x 421 907 428 910 4 24 r
x 419 826 435 829 4 24 E
x 568 870 585 873 4 24 R
x 502 934 519 937 4 24 U
x 502 853 508 856 4 24 I
w 496 800 496 848 0
w 496 928 496 976 0
w 416 976 496 976 0
w 480 944 480 928 0
w 480 944 560 976 0
w 480 800 480 848 0
w 496 800 560 800 0
r 560 800 560 976 0 10
w 416 800 480 800 0
r 416 880 416 976 0 10
v 416 880 416 800 0 0 40 9 0 0 0.5
420 480 848 480 928 0 16
420 272 848 272 928 0 16
v 208 880 208 800 0 0 40 9 0 0 0.5
r 208 880 208 976 0 10
w 208 800 272 800 0
r 352 800 352 976 0 12
w 288 800 352 800 0
w 272 800 272 848 0
w 272 944 352 976 0
w 272 944 272 928 0
w 208 976 288 976 0
w 288 928 288 976 0
w 288 800 288 848 0
x 294 853 300 856 4 24 I
x 294 934 311 937 4 24 U
x 360 870 377 873 4 24 R
x 211 826 227 829 4 24 E
x 213 907 220 910 4 24 r
x 227 827 235 830 4 16 2
x 220 911 228 914 4 16 2
x 375 872 383 875 4 16 2
x 167 872 175 875 4 16 1
x 12 911 20 914 4 16 1
x 19 827 27 830 4 16 1
x 5 907 12 910 4 24 r
x 3 826 19 829 4 24 E
x 152 870 169 873 4 24 R
x 86 934 103 937 4 24 U
x 86 853 92 856 4 24 I
w 80 800 80 848 0
w 80 928 80 976 0
w 0 976 80 976 0
w 64 944 64 928 0
w 64 944 144 976 0
w 64 800 64 848 0
w 80 800 144 800 0
r 144 800 144 976 0 8
w 0 800 64 800 0
r 0 880 0 976 0 10
v 0 880 0 800 0 0 40 9 0 0 0.5
420 64 848 64 928 0 16
