$ 1 0.000005 10.20027730826997 43 5 50 5e-11
v 160 352 160 64 0 1 40 5 0 0 0.5
w 160 64 304 64 0
w 304 64 304 128 0
d 304 128 368 192 2 default
d 304 256 368 192 2 default
d 240 192 304 128 2 default
d 240 192 304 256 2 default
w 304 256 304 352 0
w 304 352 160 352 0
w 240 192 240 288 0
w 368 192 384 192 0
w 240 288 384 288 0
r 448 192 448 288 0 100
p 496 192 496 288 3 0 0 10000000
w 384 192 448 192 0
w 384 288 448 288 0
w 448 192 496 192 0
w 448 288 496 288 0
c 384 192 384 288 4 0.001 3.486137984430383 0.001 0
o 0 64 0 4099 10 1.6 0 2 0 3
o 12 64 0 4099 5 0.05 1 2 12 3
