$ 1 0.000005 10.20027730826997 50 5 50 5e-11
r 80 96 240 96 0 1000
v 416 96 240 96 0 0 40 5 0 0 0.5
v 80 208 240 208 0 0 40 5 0 0 0.5
r 240 208 304 208 0 1000
r 304 208 304 384 0 1000
r 304 208 416 208 0 1000
r 416 384 416 304 0 1000
r 304 384 160 384 0 1000
r 304 384 208 304 0 1000
r 80 208 80 384 0 1000
v 160 384 80 384 0 0 40 5 0 0 0.5
v 416 304 416 208 0 0 40 5 0 0 0.5
v 208 304 80 208 0 0 40 5 0 0 0.5
w 80 96 80 208 0
w 416 96 416 208 0
w 416 384 304 384 0
x 147 75 164 78 4 24 R
x 339 187 356 190 4 24 R
x 419 331 436 334 4 24 R
x 307 267 324 270 4 24 R
x 243 315 260 318 4 24 R
x 195 411 216 414 4 24 R'
x 51 283 77 286 4 24 R''
x 319 74 335 77 4 24 E
x 431 250 447 253 4 24 E
x 143 186 159 189 4 24 E
x 127 282 143 285 4 24 E
x 95 410 111 413 4 24 E
x 243 187 260 190 4 24 R
x 163 77 171 80 4 16 4
x 335 77 343 80 4 16 4
x 446 254 454 257 4 16 7
x 435 333 443 336 4 16 7
x 322 274 330 277 4 16 5
x 260 320 268 323 4 16 2
x 212 417 220 420 4 16 1
x 112 415 120 418 4 16 1
x 65 292 73 295 4 16 1
x 142 287 150 290 4 16 2
x 157 188 165 191 4 16 3
x 258 193 266 196 4 16 3
x 355 188 363 191 4 16 6
