$ 1 0.000005 10.20027730826997 37 5 50 5e-11
r 256 1216 496 1216 0 5
r 368 1488 496 1488 0 4
w 256 1216 256 1296 0
w 496 1216 496 1296 0
w 368 1488 256 1488 0
r 624 1488 624 1392 0 0.862
v 624 1392 624 1296 0 0 40 0.692 0 0 0.5
w 688 1296 704 1296 0
w 624 1488 704 1488 0
r 704 1296 704 1344 0 2
r 704 1488 704 1440 0 1
v 704 1440 704 1344 0 0 40 2 0 0 0.5
370 688 1296 624 1296 3 0 0
x 361 1246 378 1249 4 24 R
x 376 1246 384 1249 4 16 5
x 416 1515 433 1518 4 24 R
x 431 1518 439 1521 4 16 3
x 572 1334 588 1337 4 24 E
x 587 1335 610 1338 4 16 экв
x 578 1421 595 1424 4 24 R
x 593 1423 616 1426 4 16 экв
x 572 1365 622 1368 4 16 692mV
x 724 1321 741 1324 4 24 R
x 740 1324 748 1327 4 16 2
x 710 1381 726 1384 4 24 E
x 725 1383 733 1386 4 16 2
x 713 1441 720 1444 4 24 r
x 721 1444 729 1447 4 16 2
x 718 1409 737 1412 4 16 2V
w 256 1360 256 1488 0
w 496 1344 496 1488 0
r 336 1648 272 1808 0 1
r 272 1808 416 1808 0 4
r 336 1648 416 1808 0 5
x 273 1716 290 1719 4 24 R
x 289 1717 297 1720 4 16 1
x 381 1718 398 1721 4 24 R
x 397 1720 405 1723 4 16 5
x 334 1833 351 1836 4 24 R
x 349 1834 357 1837 4 16 4
x 334 1640 347 1643 4 24 1
r 560 1728 480 1808 0 0.4
r 560 1728 560 1648 0 0.5
r 560 1728 640 1808 0 2
x 517 1686 534 1689 4 24 R
x 534 1687 551 1690 4 16 15
x 610 1756 627 1759 4 24 R
x 626 1758 643 1761 4 16 45
x 481 1755 498 1758 4 24 R
x 497 1759 514 1762 4 16 41
x 553 1641 566 1644 4 24 1
x 466 1808 479 1811 4 24 2
x 639 1802 652 1805 4 24 3
x 417 1808 430 1811 4 24 3
x 261 1807 274 1810 4 24 2
r 256 1296 368 1296 0 1
r 368 1296 496 1296 0 4
w 368 1296 368 1312 0
w 368 1488 368 1472 0
x 297 1274 314 1277 4 24 R
x 315 1274 323 1277 4 16 1
x 418 1274 435 1277 4 24 R
x 434 1274 442 1277 4 16 4
x 243 1292 256 1295 4 24 1
x 364 1285 377 1288 4 24 2
x 501 1289 514 1292 4 24 3
x 364 1513 377 1516 4 24 4
v 256 1360 256 1296 0 0 40 1 0 0 0.5
v 496 1296 496 1344 0 0 40 3 0 0 0.5
p 368 1312 368 1472 3 0 0 10000000
x 223 1319 239 1322 4 24 E
x 237 1320 245 1323 4 16 1
x 503 1344 519 1347 4 24 E
x 518 1348 526 1351 4 16 3
