$ 1 0.000005 63.79968419005069 58 5 50 5e-11
v 176 400 176 240 0 1 50 325.269 0 0 0.5
r 176 240 272 240 0 10
w 176 400 272 400 0
w 272 240 336 240 0
w 272 400 336 400 0
p 336 240 336 400 3 1 0 10000000
p 176 208 272 208 3 1 0 10000000
w 176 208 176 240 0
w 272 208 272 240 0
x 126 354 143 357 4 24 U
x 141 357 232 360 4 12 max\s\q\s325.269\sV
c 272 240 272 400 4 0.0001 310.23187108487093 0.001 0
c 592 240 592 400 4 0.0001 310.2321214593041 0.001 0
x 461 357 552 360 4 12 max\s\q\s325.269\sV
x 446 354 463 357 4 24 U
r 496 240 592 240 0 10
v 496 400 496 240 0 1 50 325.269 0 0 0.5
370 496 400 592 400 3 1 0
o 11 64 0 4099 320 12.8 0 2 11 3
