$ 3 0.000005 0.1086904049521229 33 5 50 5e-11
v 160 288 160 176 0 0 40 25 0 0 0.5
r 160 288 160 400 0 25
r 160 176 304 176 0 10
r 304 176 432 176 0 15
v 528 176 432 176 0 0 40 15 0 0 0.5
r 528 176 528 288 0 5
v 528 352 528 288 0 0 40 25 0 0 0.5
r 528 352 528 432 0 5
r 528 432 432 432 0 5
v 368 432 432 432 0 0 40 35 0 0 0.5
r 368 432 272 432 0 5
w 272 432 160 432 0
w 160 400 160 432 0
x 215 210 245 213 4 24 R1
x 356 206 386 209 4 24 R2
x 441 208 519 211 4 24 E2\s15V
x 485 241 515 244 4 24 R3
x 446 324 510 327 4 24 E3,\sr3
x 449 413 479 416 4 24 R4
x 294 396 411 399 4 24 E4\s35V,\sr4\s
x 189 244 267 247 4 24 E1\s25V
x 191 345 221 348 4 24 R5
b 288 368 419 467 0
b 560 416 489 293 0
g 160 432 160 456 0 0
x 173 226 187 229 4 24 \p
x 174 256 181 259 4 24 -
x 456 165 470 168 4 24 \p
x 495 162 502 165 4 24 -
x 543 310 557 313 4 24 \p
x 550 343 557 346 4 24 -
x 409 415 423 418 4 24 \p
x 383 416 390 419 4 24 -
423 184 416 235 416 0
423 232 416 213 407 0
423 232 416 215 422 0
x 198 401 204 404 4 24 I
x 446 349 488 352 4 24 25V
