$ 1 0.000005 10.20027730826997 50 5 50 5e-11
v 96 272 96 176 0 0 40 10 0 0 0.5
r 96 176 336 176 0 7
w 336 176 336 208 0
w 336 208 288 208 0
w 336 208 368 208 0
v 240 288 240 208 0 0 40 8 0 0 0.5
r 240 288 240 416 0 5
r 288 208 288 416 0 8
r 432 208 432 288 0 6
v 432 288 432 368 0 0 40 12 0 0 0.5
w 240 416 288 416 0
w 288 416 336 416 0
w 336 416 336 464 0
r 336 464 96 464 0 8
w 96 368 96 464 0
w 336 416 368 416 0
w 288 208 240 208 0
i 368 416 368 208 0 3
w 368 208 432 208 0
x 109 222 125 225 4 24 E
x 207 236 223 239 4 24 E
x 222 240 230 243 4 16 1
x 207 265 236 268 4 24 8V
x 246 235 260 238 4 24 \p
x 206 358 223 361 4 24 R
x 221 365 229 368 4 16 1
x 203 492 220 495 4 24 R
x 222 496 230 499 4 16 b
w 368 416 432 416 0
x 340 301 352 304 4 24 J
x 353 305 361 308 4 16 3
x 454 258 471 261 4 24 R
x 453 332 469 335 4 24 E
x 468 335 476 338 4 16 4
x 454 384 461 387 4 24 r
x 462 390 470 393 4 16 4
x 446 349 481 352 4 20 12V
x 474 387 534 390 4 20 \q4\sOm
x 197 154 214 157 4 24 R
x 214 154 222 157 4 16 a
x 294 344 311 347 4 24 R
x 311 348 319 351 4 16 2
r 432 368 432 416 0 4
x 473 262 481 265 4 16 4
x 415 351 429 354 4 24 \p
w 432 208 560 208 0
w 432 416 560 416 0
i 560 272 560 416 0 2
r 560 208 560 272 0 25
w 560 208 608 208 0
v 608 320 608 208 0 0 40 9 0 0 0.5
r 608 320 608 416 0 10
w 608 416 560 416 0
x 532 317 544 320 4 24 J
x 542 322 550 325 4 16 5
x 528 238 545 241 4 24 R
x 544 245 552 248 4 16 5
x 616 248 630 251 4 24 \p
x 630 266 646 269 4 24 E
x 645 271 653 274 4 16 6
x 629 286 658 289 4 24 9V
x 635 372 652 375 4 24 R
x 651 377 659 380 4 16 6
w 608 208 672 208 0
r 672 208 672 416 0 6
w 672 416 608 416 0
x 681 292 698 295 4 24 R
x 697 296 705 299 4 16 7
x 113 244 155 247 4 24 10V
v 752 336 752 208 0 0 40 3.1463 0 0 0.5
r 752 336 752 416 0 1.3667
370 96 368 96 272 3 0 0
