$ 1 0.000005 0.18682459574322224 50 5 50 5e-11
t 448 320 464 320 0 1 -7.721041839258633 0.657019385493387 100 default
c 352 320 416 320 4 0.000001 9.902560482394318 0.001 0
w 448 320 416 320 0
w 416 320 416 272 0
r 416 272 416 208 0 10000
w 416 208 464 208 0
l 464 208 464 272 0 0.3 0.00021333527077867302 0
w 464 272 464 304 0
c 464 272 560 272 4 0.000001 0.001000000042742144 0.001 0
O 560 272 640 272 0 0
w 464 208 688 208 0
v 688 416 688 208 0 0 40 12 0 0 0.5
r 464 416 464 336 0 1500
w 464 336 512 336 0
c 512 336 512 416 4 1e-7 1.719748719068067 0.001 0
w 464 416 512 416 0
w 512 416 688 416 0
r 416 416 416 320 0 4700
w 464 416 416 416 0
g 416 416 416 432 0 0
c 352 320 352 416 4 2.4000000000000003e-7 12.279328586955772 0.001 0
w 416 416 352 416 0
l 272 320 352 320 0 0.01 0.01576457081601277 0
c 272 320 272 416 4 2.4000000000000003e-8 10.097809943820087 0.001 0
w 272 416 352 416 0
w 464 272 272 272 0
w 272 272 272 320 0
x 387 245 407 248 4 16 R1
x 473 232 490 235 4 16 L2
x 515 293 535 296 4 16 C4
x 467 324 523 327 4 16 2N2222
x 696 296 733 299 4 16 \p12V
x 307 293 324 296 4 16 L1
x 374 292 394 295 4 16 C3
x 245 357 265 360 4 16 C1
x 327 357 347 360 4 16 C2
x 386 356 406 359 4 16 R2
x 435 357 454 360 4 16 RÑ
x 515 357 534 360 4 16 CÑ
o 9 1 0 4098 40 0.1 0 1
