$ 1 0.000005 10.20027730826997 50 5 50 5e-11
v 288 288 288 224 0 0 40 8 0 0 0.5
x 265 245 281 248 4 24 E
x 265 281 284 284 4 16 8V
370 288 224 352 224 3 0 1
162 352 224 432 224 2 default-led 1 0 0 0.025
162 432 224 512 224 2 default-led 1 0 0 0.025
162 512 224 592 224 2 default-led 1 0 0 0.025
162 592 224 672 224 2 default-led 1 0 0 0.025
w 672 224 672 288 0
p 592 176 672 176 3 0 0 10000000
w 592 176 592 224 0
w 672 176 672 224 0
p 512 176 592 176 3 0 0 10000000
p 432 176 512 176 3 0 0 10000000
p 352 176 432 176 3 0 0 10000000
w 512 176 512 224 0
w 432 176 432 224 0
w 352 176 352 224 0
w 288 288 672 288 0
w 288 448 672 448 0
w 352 336 352 384 0
w 432 336 432 384 0
w 512 336 512 384 0
p 352 336 432 336 3 0 0 10000000
p 432 336 512 336 3 0 0 10000000
p 512 336 592 336 3 0 0 10000000
w 672 336 672 384 0
w 592 336 592 384 0
p 592 336 672 336 3 0 0 10000000
w 672 384 672 448 0
162 592 384 672 384 2 default-led 1 0 0 0.025
162 512 384 592 384 2 default-led 1 0 0 0.025
162 432 384 512 384 2 default-led 1 0 0 0.025
162 352 384 432 384 2 default-led 1 0 0 0.025
370 288 384 352 384 3 0 1
x 265 441 284 444 4 16 7V
x 265 405 281 408 4 24 E
v 288 448 288 384 0 0 40 7 0 0 0.5
w 352 496 352 544 0
w 432 496 432 544 0
w 512 496 512 544 0
p 352 496 432 496 3 0 0 10000000
p 432 496 512 496 3 0 0 10000000
p 512 496 592 496 3 0 0 10000000
w 672 496 672 544 0
w 592 496 592 544 0
p 592 496 672 496 3 0 0 10000000
w 672 544 672 608 0
162 592 544 672 544 2 default-led 1 0 0 0.025
162 512 544 592 544 2 default-led 1 0 0 0.025
162 432 544 512 544 2 default-led 1 0 0 0.025
162 352 544 432 544 2 default-led 1 0 0 0.025
370 288 544 352 544 3 0 1
x 265 601 284 604 4 16 9V
x 265 565 281 568 4 24 E
v 288 608 288 544 0 0 40 9 0 0 0.5
r 288 608 672 608 0 70
