$ 1 0.000005 0.02528395958047465 41 5 50 5e-11
v 176 480 176 336 0 0 40 9 0 0 0.5
s 176 288 256 288 0 0 false
209 336 288 416 288 4 0.00019999999999999998 7.946290739393254 0.001 0.1 1
w 416 288 416 480 0
r 336 384 336 448 0 330
w 336 480 176 480 0
x 149 406 168 409 4 16 9V
s 336 288 336 384 0 1 false
p 336 224 416 224 3 0 0 10000000
w 336 224 336 288 0
w 416 224 416 288 0
w 336 384 256 384 0
w 416 480 336 480 0
p 256 384 256 448 3 0 0 10000000
w 256 448 336 448 0
w 336 448 336 480 0
r 256 288 336 288 0 10
370 176 336 176 288 3 0 0
