$ 1 0.000005 10.20027730826997 50 5 50 5e-11
r 48 128 48 256 0 10
v 48 400 48 256 0 0 40 9 0 0 0.5
w 48 128 96 128 0
i 96 128 96 400 0 1
w 48 400 96 400 0
v 208 272 208 400 0 0 40 12 0 0 0.5
r 208 272 208 128 0 3
v 160 128 96 128 0 0 40 5 0 0 0.5
w 96 128 96 64 0
v 96 64 256 64 0 0 40 9 0 0 0.5
r 256 64 336 64 0 5
w 336 64 336 128 0
r 336 128 208 128 0 4
r 336 128 336 400 0 6
v 208 400 288 400 0 0 40 12 0 0 0.5
w 96 400 144 400 0
r 336 400 448 400 0 7
v 448 400 448 256 0 0 40 9 0 0 0.5
v 448 128 448 256 0 0 40 5 0 0 0.5
w 336 128 448 128 0
g 144 400 144 416 0 0
w 208 400 144 400 0
x 80 122 93 125 4 24 1
x 204 119 217 122 4 24 2
x 340 121 353 124 4 24 3
x 334 423 347 426 4 24 4
x 93 421 106 424 4 24 5
x 207 422 220 425 4 24 5
x 17 196 34 199 4 24 R
x 72 252 84 255 4 24 J
x 84 255 92 258 4 16 1
x 130 109 146 112 4 24 E
x 143 112 151 115 4 16 2
x 155 108 162 111 4 24 r
x 162 113 170 116 4 16 2
x 167 42 183 45 4 24 E
x 182 45 190 48 4 16 5
x 287 41 304 44 4 24 R
x 304 45 312 48 4 16 5
x 259 107 276 110 4 24 R
x 275 109 283 112 4 16 4
x 305 263 322 266 4 24 R
x 320 269 328 272 4 16 6
x 457 176 481 179 4 24 E´
x 473 181 481 184 4 16 7
x 455 313 486 316 4 24 E´´
x 473 320 481 323 4 16 7
x 382 376 399 379 4 24 R
x 399 380 407 383 4 16 7
x 251 377 267 380 4 24 E
x 266 381 274 384 4 16 8
x 278 377 285 380 4 24 r
x 287 381 295 384 4 16 8
x 176 201 193 204 4 24 R
x 191 205 199 208 4 16 3
x 180 325 196 328 4 24 E
x 195 329 203 332 4 16 3
x 21 314 37 317 4 24 E
x 36 316 44 319 4 16 1
x 33 204 41 207 4 16 1
r 288 400 336 400 0 2
r 160 128 208 128 0 2
x 20 354 39 357 4 16 9V
x 246 438 274 441 4 16 12V
x 464 352 483 355 4 16 9V
x 471 203 490 206 4 16 5V
x 193 57 212 60 4 16 9V
x 118 164 137 167 4 16 5V
x 213 323 241 326 4 16 12V
x 17 263 23 266 4 24 I
x 26 269 34 272 4 16 1
x 152 154 158 157 4 24 I
x 158 159 166 162 4 16 2
x 102 49 108 52 4 24 I
x 109 54 117 57 4 16 5
x 261 155 267 158 4 24 I
x 270 160 278 163 4 16 4
x 215 265 221 268 4 24 I
x 222 269 230 272 4 16 3
x 342 224 348 227 4 24 I
x 347 230 355 233 4 16 6
x 456 256 462 259 4 24 I
x 462 263 470 266 4 16 7
x 284 428 290 431 4 24 I
x 290 432 298 435 4 16 8
