$ 1 0.000005 10.20027730826997 50 5 50 5e-11
v 96 288 96 176 0 0 40 10 0 0 0.5
r 96 176 336 176 0 7
w 336 176 336 208 0
w 336 208 288 208 0
w 336 208 368 208 0
v 240 288 240 208 0 0 40 5 0 0 0.5
r 240 288 240 416 0 2
r 288 208 288 416 0 4
r 432 208 432 288 0 3
v 432 288 432 368 0 0 40 12 0 0 0.5
w 240 416 288 416 0
w 288 416 336 416 0
w 336 416 336 464 0
r 336 464 96 464 0 8
w 96 288 96 464 0
w 336 416 368 416 0
w 288 208 240 208 0
i 368 416 368 208 0 1
w 368 208 432 208 0
x 61 222 77 225 4 24 E
x 207 236 223 239 4 24 E
x 222 240 230 243 4 16 1
x 207 265 236 268 4 24 8V
x 246 235 260 238 4 24 \p
x 206 358 223 361 4 24 R
x 221 365 229 368 4 16 1
x 203 492 220 495 4 24 R
x 222 496 230 499 4 16 b
x 332 230 345 233 4 24 1
x 333 405 346 408 4 24 2
w 368 416 432 416 0
x 340 301 352 304 4 24 J
x 353 305 361 308 4 16 3
x 454 258 471 261 4 24 R
x 453 364 469 367 4 24 E
x 468 367 476 370 4 16 4
x 454 384 461 387 4 24 r
x 462 390 470 393 4 16 4
x 478 365 534 368 4 24 \q12V
x 474 387 560 390 4 24 \q10\sOm
x 197 154 214 157 4 24 R
x 214 154 222 157 4 16 a
x 294 344 311 347 4 24 R
x 311 348 319 351 4 16 2
r 432 368 432 416 0 10
x 473 262 481 265 4 16 4
x 415 351 429 354 4 24 \p
